-0.702206188748,0.710939320857,-0.0383634010888
-0.702206188748,0.710939320857,-0.0383634010888
-0.702206188748,0.710939320857,-0.0383634010888
-0.702206188748,0.710939320857,-0.0383634010888
-0.702206188748,0.710939320857,-0.0383634010888
-0.702206188748,0.710939320857,-0.0383634010888
-0.702206188748,0.710939320857,-0.0383634010888
-0.702206188748,0.710939320857,-0.0383634010888
-0.702206188748,0.710939320857,-0.0383634010888
-0.702206188748,0.710939320857,-0.0383634010888
-0.702206188748,0.710939320857,-0.0383634010888
-0.702206188748,0.710939320857,-0.0383634010888
-0.702206188748,0.710939320857,-0.0383634010888
-0.702206188748,0.710939320857,-0.0383634010888
-0.702206188748,0.710939320857,-0.0383634010888
-0.702206188748,0.710939320857,-0.0383634010888
-0.702206188748,0.710939320857,-0.0383634010888
-0.702206188748,0.710939320857,-0.0383634010888
-0.706073140463,0.707351023773,-0.0333953512393
-0.706073140463,0.707351023773,-0.0333953512393
-0.706073140463,0.707351023773,-0.0333953512393
-0.706073140463,0.707351023773,-0.0333953512393
-0.706073140463,0.707351023773,-0.0333953512393
-0.706073140463,0.707351023773,-0.0333953512393
-0.706073140463,0.707351023773,-0.0333953512393
-0.706073140463,0.707351023773,-0.0333953512393
-0.706073140463,0.707351023773,-0.0333953512393
-0.706073140463,0.707351023773,-0.0333953512393
-0.706073140463,0.707351023773,-0.0333953512393
-0.706073140463,0.707351023773,-0.0333953512393
-0.706073140463,0.707351023773,-0.0333953512393
-0.706073140463,0.707351023773,-0.0333953512393
-0.706073140463,0.707351023773,-0.0333953512393
-0.706073140463,0.707351023773,-0.0333953512393
-0.706073140463,0.707351023773,-0.0333953512393
-0.706073140463,0.707351023773,-0.0333953512393
-0.706073140463,0.707351023773,-0.0333953512393
-0.706073140463,0.707351023773,-0.0333953512393
-0.706073140463,0.707351023773,-0.0333953512393
-0.706073140463,0.707351023773,-0.0333953512393
-0.706073140463,0.707351023773,-0.0333953512393
-0.706073140463,0.707351023773,-0.0333953512393
-0.706073140463,0.707351023773,-0.0333953512393
-0.706073140463,0.707351023773,-0.0333953512393
-0.706073140463,0.707351023773,-0.0333953512393
-0.706073140463,0.707351023773,-0.0333953512393
-0.706073140463,0.707351023773,-0.0333953512393
-0.706073140463,0.707351023773,-0.0333953512393
-0.711388851302,0.701825030899,-0.0369801060951
-0.711388851302,0.701825030899,-0.0369801060951
-0.711388851302,0.701825030899,-0.0369801060951
-0.711388851302,0.701825030899,-0.0369801060951
-0.711388851302,0.701825030899,-0.0369801060951
-0.711388851302,0.701825030899,-0.0369801060951
-0.711388851302,0.701825030899,-0.0369801060951
-0.711388851302,0.701825030899,-0.0369801060951
-0.711388851302,0.701825030899,-0.0369801060951
-0.711388851302,0.701825030899,-0.0369801060951
-0.711388851302,0.701825030899,-0.0369801060951
-0.711388851302,0.701825030899,-0.0369801060951
-0.711388851302,0.701825030899,-0.0369801060951
-0.711388851302,0.701825030899,-0.0369801060951
-0.711388851302,0.701825030899,-0.0369801060951
-0.715026234599,0.696877973578,-0.0556648343022
-0.715026234599,0.696877973578,-0.0556648343022
-0.715026234599,0.696877973578,-0.0556648343022
-0.715026234599,0.696877973578,-0.0556648343022
-0.715026234599,0.696877973578,-0.0556648343022
-0.715026234599,0.696877973578,-0.0556648343022
-0.715026234599,0.696877973578,-0.0556648343022
-0.715026234599,0.696877973578,-0.0556648343022
-0.715026234599,0.696877973578,-0.0556648343022
-0.715026234599,0.696877973578,-0.0556648343022
-0.715026234599,0.696877973578,-0.0556648343022
-0.715026234599,0.696877973578,-0.0556648343022
-0.715026234599,0.696877973578,-0.0556648343022
-0.715026234599,0.696877973578,-0.0556648343022
-0.715026234599,0.696877973578,-0.0556648343022
-0.715026234599,0.696877973578,-0.0556648343022
-0.715026234599,0.696877973578,-0.0556648343022
-0.715026234599,0.696877973578,-0.0556648343022
-0.715026234599,0.696877973578,-0.0556648343022
-0.715026234599,0.696877973578,-0.0556648343022
-0.715026234599,0.696877973578,-0.0556648343022
-0.715026234599,0.696877973578,-0.0556648343022
-0.715026234599,0.696877973578,-0.0556648343022
-0.715026234599,0.696877973578,-0.0556648343022
-0.715026234599,0.696877973578,-0.0556648343022
-0.715026234599,0.696877973578,-0.0556648343022
-0.715026234599,0.696877973578,-0.0556648343022
-0.715026234599,0.696877973578,-0.0556648343022
-0.715026234599,0.696877973578,-0.0556648343022
-0.715026234599,0.696877973578,-0.0556648343022
-0.715026234599,0.696877973578,-0.0556648343022
-0.715026234599,0.696877973578,-0.0556648343022
-0.715026234599,0.696877973578,-0.0556648343022
-0.715026234599,0.696877973578,-0.0556648343022
-0.715026234599,0.696877973578,-0.0556648343022
-0.715026234599,0.696877973578,-0.0556648343022
-0.715026234599,0.696877973578,-0.0556648343022
-0.715026234599,0.696877973578,-0.0556648343022
-0.715026234599,0.696877973578,-0.0556648343022
-0.715026234599,0.696877973578,-0.0556648343022
-0.715026234599,0.696877973578,-0.0556648343022
-0.715026234599,0.696877973578,-0.0556648343022
-0.715026234599,0.696877973578,-0.0556648343022
-0.715026234599,0.696877973578,-0.0556648343022
-0.715026234599,0.696877973578,-0.0556648343022
-0.715026234599,0.696877973578,-0.0556648343022
-0.715026234599,0.696877973578,-0.0556648343022
-0.715026234599,0.696877973578,-0.0556648343022
-0.715026234599,0.696877973578,-0.0556648343022
-0.715026234599,0.696877973578,-0.0556648343022
-0.715026234599,0.696877973578,-0.0556648343022
-0.715026234599,0.696877973578,-0.0556648343022
-0.715026234599,0.696877973578,-0.0556648343022
-0.715026234599,0.696877973578,-0.0556648343022
-0.715026234599,0.696877973578,-0.0556648343022
-0.715026234599,0.696877973578,-0.0556648343022
-0.715026234599,0.696877973578,-0.0556648343022
-0.715026234599,0.696877973578,-0.0556648343022
-0.715026234599,0.696877973578,-0.0556648343022
-0.715026234599,0.696877973578,-0.0556648343022
-0.715026234599,0.696877973578,-0.0556648343022
-0.715026234599,0.696877973578,-0.0556648343022
-0.715026234599,0.696877973578,-0.0556648343022
-0.715026234599,0.696877973578,-0.0556648343022
-0.715026234599,0.696877973578,-0.0556648343022
-0.715026234599,0.696877973578,-0.0556648343022
-0.724789074252,0.687259542699,-0.0485295664038
-0.724789074252,0.687259542699,-0.0485295664038
-0.724789074252,0.687259542699,-0.0485295664038
-0.724789074252,0.687259542699,-0.0485295664038
-0.724789074252,0.687259542699,-0.0485295664038
-0.724789074252,0.687259542699,-0.0485295664038
-0.724789074252,0.687259542699,-0.0485295664038
-0.724789074252,0.687259542699,-0.0485295664038
-0.724789074252,0.687259542699,-0.0485295664038
-0.724789074252,0.687259542699,-0.0485295664038
-0.724789074252,0.687259542699,-0.0485295664038
-0.724789074252,0.687259542699,-0.0485295664038
-0.724789074252,0.687259542699,-0.0485295664038
-0.724789074252,0.687259542699,-0.0485295664038
-0.724789074252,0.687259542699,-0.0485295664038
-0.724789074252,0.687259542699,-0.0485295664038
-0.724789074252,0.687259542699,-0.0485295664038
-0.724789074252,0.687259542699,-0.0485295664038
-0.724789074252,0.687259542699,-0.0485295664038
-0.724789074252,0.687259542699,-0.0485295664038
-0.724789074252,0.687259542699,-0.0485295664038
-0.724789074252,0.687259542699,-0.0485295664038
-0.724789074252,0.687259542699,-0.0485295664038
-0.724789074252,0.687259542699,-0.0485295664038
-0.724789074252,0.687259542699,-0.0485295664038
-0.724789074252,0.687259542699,-0.0485295664038
-0.724789074252,0.687259542699,-0.0485295664038
-0.724789074252,0.687259542699,-0.0485295664038
-0.724789074252,0.687259542699,-0.0485295664038
-0.724789074252,0.687259542699,-0.0485295664038
-0.724789074252,0.687259542699,-0.0485295664038
-0.730704229029,0.680806141885,-0.0507378246512
-0.730704229029,0.680806141885,-0.0507378246512
-0.730704229029,0.680806141885,-0.0507378246512
-0.730704229029,0.680806141885,-0.0507378246512
-0.730704229029,0.680806141885,-0.0507378246512
-0.730704229029,0.680806141885,-0.0507378246512
-0.730704229029,0.680806141885,-0.0507378246512
-0.730704229029,0.680806141885,-0.0507378246512
-0.730704229029,0.680806141885,-0.0507378246512
-0.730704229029,0.680806141885,-0.0507378246512
-0.730704229029,0.680806141885,-0.0507378246512
-0.730704229029,0.680806141885,-0.0507378246512
-0.730704229029,0.680806141885,-0.0507378246512
-0.730704229029,0.680806141885,-0.0507378246512
-0.730704229029,0.680806141885,-0.0507378246512
-0.730704229029,0.680806141885,-0.0507378246512
-0.730704229029,0.680806141885,-0.0507378246512
-0.730704229029,0.680806141885,-0.0507378246512
-0.730704229029,0.680806141885,-0.0507378246512
-0.730704229029,0.680806141885,-0.0507378246512
-0.730704229029,0.680806141885,-0.0507378246512
-0.730704229029,0.680806141885,-0.0507378246512
-0.730704229029,0.680806141885,-0.0507378246512
-0.730704229029,0.680806141885,-0.0507378246512
-0.730704229029,0.680806141885,-0.0507378246512
-0.730704229029,0.680806141885,-0.0507378246512
-0.730704229029,0.680806141885,-0.0507378246512
-0.730704229029,0.680806141885,-0.0507378246512
-0.730704229029,0.680806141885,-0.0507378246512
-0.730704229029,0.680806141885,-0.0507378246512
-0.730704229029,0.680806141885,-0.0507378246512
-0.730704229029,0.680806141885,-0.0507378246512
-0.730704229029,0.680806141885,-0.0507378246512
-0.730704229029,0.680806141885,-0.0507378246512
-0.730704229029,0.680806141885,-0.0507378246512
-0.730704229029,0.680806141885,-0.0507378246512
-0.730704229029,0.680806141885,-0.0507378246512
-0.730704229029,0.680806141885,-0.0507378246512
-0.730704229029,0.680806141885,-0.0507378246512
-0.730704229029,0.680806141885,-0.0507378246512
-0.730704229029,0.680806141885,-0.0507378246512
-0.730704229029,0.680806141885,-0.0507378246512
-0.730704229029,0.680806141885,-0.0507378246512
-0.730704229029,0.680806141885,-0.0507378246512
-0.730704229029,0.680806141885,-0.0507378246512
-0.730704229029,0.680806141885,-0.0507378246512
-0.730704229029,0.680806141885,-0.0507378246512
-0.730704229029,0.680806141885,-0.0507378246512
-0.730704229029,0.680806141885,-0.0507378246512
-0.730704229029,0.680806141885,-0.0507378246512
-0.730704229029,0.680806141885,-0.0507378246512
-0.730704229029,0.680806141885,-0.0507378246512
-0.730704229029,0.680806141885,-0.0507378246512
-0.730704229029,0.680806141885,-0.0507378246512
-0.730704229029,0.680806141885,-0.0507378246512
-0.730704229029,0.680806141885,-0.0507378246512
-0.736618425991,0.674356324826,-0.051350186542
-0.736618425991,0.674356324826,-0.051350186542
-0.736618425991,0.674356324826,-0.051350186542
-0.736618425991,0.674356324826,-0.051350186542
-0.736618425991,0.674356324826,-0.051350186542
-0.736618425991,0.674356324826,-0.051350186542
-0.736618425991,0.674356324826,-0.051350186542
-0.736618425991,0.674356324826,-0.051350186542
-0.736618425991,0.674356324826,-0.051350186542
-0.736618425991,0.674356324826,-0.051350186542
-0.736618425991,0.674356324826,-0.051350186542
-0.736618425991,0.674356324826,-0.051350186542
-0.736618425991,0.674356324826,-0.051350186542
-0.736618425991,0.674356324826,-0.051350186542
-0.736618425991,0.674356324826,-0.051350186542
-0.736618425991,0.674356324826,-0.051350186542
-0.736618425991,0.674356324826,-0.051350186542
-0.736618425991,0.674356324826,-0.051350186542
-0.736618425991,0.674356324826,-0.051350186542
-0.736618425991,0.674356324826,-0.051350186542
-0.736618425991,0.674356324826,-0.051350186542
-0.736618425991,0.674356324826,-0.051350186542
-0.736618425991,0.674356324826,-0.051350186542
-0.736618425991,0.674356324826,-0.051350186542
-0.736618425991,0.674356324826,-0.051350186542
-0.736618425991,0.674356324826,-0.051350186542
-0.736618425991,0.674356324826,-0.051350186542
-0.736618425991,0.674356324826,-0.051350186542
-0.736618425991,0.674356324826,-0.051350186542
-0.736618425991,0.674356324826,-0.051350186542
-0.736618425991,0.674356324826,-0.051350186542
-0.736618425991,0.674356324826,-0.051350186542
-0.736618425991,0.674356324826,-0.051350186542
-0.736618425991,0.674356324826,-0.051350186542
-0.736618425991,0.674356324826,-0.051350186542
-0.736618425991,0.674356324826,-0.051350186542
-0.736618425991,0.674356324826,-0.051350186542
-0.736618425991,0.674356324826,-0.051350186542
-0.736618425991,0.674356324826,-0.051350186542
-0.742469499948,0.668267905665,-0.0464440298071
-0.742469499948,0.668267905665,-0.0464440298071
-0.742469499948,0.668267905665,-0.0464440298071
-0.742469499948,0.668267905665,-0.0464440298071
-0.742469499948,0.668267905665,-0.0464440298071
-0.742469499948,0.668267905665,-0.0464440298071
-0.742469499948,0.668267905665,-0.0464440298071
-0.742469499948,0.668267905665,-0.0464440298071
-0.742469499948,0.668267905665,-0.0464440298071
-0.742469499948,0.668267905665,-0.0464440298071
-0.742469499948,0.668267905665,-0.0464440298071
-0.742469499948,0.668267905665,-0.0464440298071
-0.742469499948,0.668267905665,-0.0464440298071
-0.742469499948,0.668267905665,-0.0464440298071
-0.742469499948,0.668267905665,-0.0464440298071
-0.742469499948,0.668267905665,-0.0464440298071
-0.742469499948,0.668267905665,-0.0464440298071
-0.742469499948,0.668267905665,-0.0464440298071
-0.742469499948,0.668267905665,-0.0464440298071
-0.742469499948,0.668267905665,-0.0464440298071
-0.742469499948,0.668267905665,-0.0464440298071
-0.742469499948,0.668267905665,-0.0464440298071
-0.742469499948,0.668267905665,-0.0464440298071
-0.742469499948,0.668267905665,-0.0464440298071
-0.742469499948,0.668267905665,-0.0464440298071
-0.742469499948,0.668267905665,-0.0464440298071
-0.742469499948,0.668267905665,-0.0464440298071
-0.742469499948,0.668267905665,-0.0464440298071
